a;0,00 ;0,00 ;2,10 ;4,19 ;1,83 ;0,26 ;0,00 ;0,00 ;1,43 ;2,93 ;0,12 ;2,20 ;0,00 ;0,03 ;0,08 ;6,56 ;5,73 ;14,14 ;0,07 ;0,00 ;2,06 ;0,03 ;11,49 ;7,79 ;14,33 ;0,80 ;0,00 ;6,00 ;0,03 ;0,04 ;0,08 ;1,87 ;13,84 ;
à;0,00 ;0,00 ;0,05 ;0,14 ;0,19 ;0,10 ;0,00 ;0,00 ;0,05 ;0,00 ;0,14 ;0,14 ;0,00 ;0,00 ;0,05 ;0,43 ;0,38 ;0,96 ;0,05 ;0,00 ;0,24 ;0,00 ;0,96 ;0,58 ;0,29 ;0,05 ;0,00 ;0,34 ;0,00 ;0,00 ;0,00 ;0,10 ;94,76 ;
b;15,58 ;0,01 ;17,58 ;0,06 ;0,24 ;19,48 ;0,01 ;0,03 ;0,01 ;0,00 ;0,10 ;20,95 ;0,04 ;0,02 ;0,00 ;2,17 ;0,04 ;0,08 ;9,17 ;0,04 ;0,00 ;0,00 ;8,83 ;0,21 ;0,02 ;4,95 ;0,01 ;0,02 ;0,01 ;0,00 ;0,12 ;0,00 ;0,20 ;
c;20,05 ;0,01 ;0,01 ;11,09 ;0,01 ;9,03 ;0,00 ;0,01 ;0,00 ;0,01 ;12,08 ;17,24 ;0,02 ;0,00 ;0,27 ;1,36 ;0,01 ;0,17 ;20,97 ;0,13 ;0,00 ;0,40 ;3,69 ;0,03 ;0,23 ;2,96 ;0,00 ;0,00 ;0,00 ;0,00 ;0,03 ;0,01 ;0,16 ;
d;12,40 ;0,01 ;0,03 ;0,03 ;2,29 ;22,92 ;0,02 ;0,11 ;0,03 ;0,11 ;0,13 ;29,00 ;0,07 ;0,02 ;0,01 ;0,08 ;0,06 ;0,04 ;23,54 ;0,12 ;0,00 ;0,00 ;3,39 ;0,19 ;0,05 ;4,01 ;0,01 ;0,03 ;0,05 ;0,00 ;0,11 ;0,01 ;1,12 ;
e;0,85 ;0,00 ;2,23 ;2,33 ;1,98 ;0,30 ;0,00 ;0,00 ;0,69 ;3,50 ;0,08 ;1,49 ;0,00 ;0,01 ;0,03 ;4,44 ;3,79 ;10,59 ;0,79 ;0,00 ;0,94 ;0,17 ;22,73 ;7,85 ;6,38 ;0,45 ;0,00 ;1,93 ;0,03 ;0,09 ;0,08 ;0,93 ;25,30 ;
è;0,43 ;0,00 ;0,00 ;3,04 ;1,30 ;0,43 ;0,00 ;0,00 ;0,00 ;5,22 ;0,00 ;0,43 ;0,00 ;0,00 ;0,00 ;3,04 ;6,52 ;5,65 ;0,87 ;0,00 ;0,43 ;0,87 ;25,22 ;3,91 ;6,09 ;0,00 ;0,00 ;4,35 ;0,00 ;0,00 ;0,00 ;0,00 ;32,17 ;
é;1,26 ;0,00 ;0,98 ;5,02 ;3,21 ;7,95 ;0,00 ;0,14 ;0,56 ;2,51 ;0,00 ;0,56 ;0,00 ;0,70 ;0,00 ;4,88 ;3,91 ;3,21 ;1,39 ;0,00 ;2,37 ;0,56 ;8,37 ;6,69 ;6,42 ;0,00 ;0,00 ;2,93 ;0,00 ;0,00 ;0,00 ;0,56 ;35,84 ;
f;13,94 ;0,02 ;0,01 ;0,00 ;0,01 ;12,29 ;0,01 ;0,03 ;11,83 ;0,06 ;0,01 ;27,83 ;0,03 ;0,00 ;0,02 ;3,06 ;0,03 ;0,01 ;15,56 ;0,04 ;0,00 ;0,00 ;9,66 ;0,05 ;0,40 ;4,65 ;0,01 ;0,00 ;0,00 ;0,00 ;0,01 ;0,00 ;0,41 ;
g;11,66 ;0,01 ;0,02 ;0,01 ;0,05 ;11,06 ;0,01 ;0,02 ;0,02 ;11,75 ;4,56 ;20,58 ;0,02 ;0,00 ;0,01 ;9,86 ;0,34 ;6,13 ;7,42 ;0,09 ;0,01 ;0,00 ;9,50 ;0,12 ;0,07 ;5,75 ;0,00 ;0,00 ;0,03 ;0,00 ;0,03 ;0,01 ;0,83 ;
h;5,37 ;0,02 ;0,10 ;0,03 ;0,06 ;40,90 ;0,06 ;0,29 ;0,02 ;0,03 ;0,89 ;42,38 ;0,06 ;0,04 ;0,03 ;0,32 ;0,40 ;0,31 ;2,19 ;0,01 ;0,02 ;0,00 ;0,58 ;0,11 ;0,41 ;1,06 ;0,02 ;0,63 ;0,13 ;0,12 ;0,29 ;0,02 ;3,08 ;
i;10,49 ;0,00 ;0,99 ;9,15 ;2,14 ;3,39 ;0,01 ;0,00 ;1,61 ;2,19 ;0,04 ;0,19 ;0,00 ;0,02 ;0,04 ;3,71 ;4,94 ;12,30 ;5,33 ;0,10 ;1,39 ;0,09 ;3,07 ;7,36 ;5,19 ;0,93 ;0,01 ;2,59 ;0,00 ;0,02 ;0,00 ;2,49 ;20,20 ;
ì;7,31 ;0,00 ;0,00 ;1,02 ;0,85 ;2,72 ;0,00 ;0,00 ;0,17 ;0,00 ;3,91 ;0,34 ;2,38 ;0,00 ;0,00 ;0,51 ;1,19 ;3,23 ;3,91 ;0,00 ;0,34 ;0,00 ;3,06 ;1,87 ;1,70 ;0,00 ;0,00 ;2,04 ;0,00 ;0,17 ;0,00 ;0,17 ;63,10 ;
j;28,89 ;0,33 ;0,00 ;0,33 ;0,22 ;11,36 ;0,22 ;0,44 ;0,11 ;0,22 ;0,55 ;10,69 ;0,00 ;0,33 ;1,76 ;0,11 ;0,22 ;0,22 ;21,61 ;0,00 ;0,11 ;0,00 ;0,44 ;0,00 ;0,33 ;14,77 ;0,11 ;0,00 ;0,00 ;0,00 ;0,33 ;0,00 ;6,28 ;
k;17,21 ;0,04 ;0,47 ;0,00 ;0,20 ;19,29 ;0,00 ;0,00 ;0,27 ;0,39 ;3,10 ;15,41 ;0,00 ;0,35 ;1,84 ;2,98 ;0,82 ;1,10 ;6,94 ;0,04 ;0,04 ;0,00 ;2,82 ;4,04 ;1,18 ;3,72 ;0,00 ;0,16 ;0,55 ;0,00 ;2,04 ;0,04 ;14,97 ;
l;19,41 ;0,02 ;0,30 ;1,27 ;0,80 ;15,92 ;0,01 ;0,03 ;0,42 ;0,75 ;0,03 ;26,86 ;0,04 ;0,00 ;0,06 ;11,49 ;1,06 ;0,08 ;10,60 ;0,17 ;0,65 ;0,01 ;0,03 ;0,62 ;3,26 ;3,74 ;0,01 ;0,73 ;0,02 ;0,03 ;0,12 ;0,61 ;0,86 ;
m;16,41 ;0,01 ;4,50 ;0,05 ;0,01 ;16,86 ;0,01 ;0,05 ;0,02 ;0,01 ;0,01 ;15,29 ;0,01 ;0,01 ;0,01 ;0,04 ;8,84 ;0,14 ;25,25 ;0,06 ;8,48 ;0,00 ;0,03 ;0,07 ;0,03 ;2,88 ;0,01 ;0,03 ;0,01 ;0,00 ;0,04 ;0,00 ;0,79 ;
n;11,80 ;0,00 ;0,05 ;5,24 ;11,08 ;10,32 ;0,01 ;0,02 ;2,05 ;3,72 ;0,03 ;10,30 ;0,02 ;0,02 ;0,07 ;0,03 ;0,02 ;4,19 ;15,86 ;0,11 ;0,02 ;0,31 ;0,04 ;3,08 ;15,57 ;1,43 ;0,01 ;1,12 ;0,01 ;0,00 ;0,06 ;2,08 ;1,34 ;
o;0,25 ;0,00 ;0,88 ;3,38 ;1,65 ;0,25 ;0,00 ;0,00 ;1,20 ;3,22 ;0,05 ;0,80 ;0,00 ;0,01 ;0,05 ;9,42 ;4,44 ;14,39 ;0,24 ;0,00 ;2,49 ;0,05 ;10,12 ;6,14 ;3,74 ;0,29 ;0,00 ;1,83 ;0,08 ;0,05 ;0,04 ;0,47 ;34,49 ;
ò;0,00 ;0,00 ;0,00 ;0,03 ;0,00 ;0,00 ;0,00 ;0,00 ;0,03 ;0,13 ;0,00 ;0,00 ;0,00 ;0,03 ;0,00 ;0,09 ;0,09 ;0,41 ;0,00 ;0,00 ;0,03 ;0,00 ;0,22 ;0,16 ;0,03 ;0,00 ;0,00 ;0,09 ;0,00 ;0,00 ;0,00 ;0,00 ;98,64 ;
p;17,89 ;0,01 ;0,01 ;0,01 ;0,01 ;17,04 ;0,01 ;0,03 ;0,04 ;0,00 ;0,26 ;16,03 ;0,03 ;0,00 ;0,00 ;3,81 ;0,01 ;0,20 ;13,65 ;0,05 ;7,11 ;0,00 ;17,20 ;0,95 ;0,49 ;4,87 ;0,00 ;0,00 ;0,00 ;0,00 ;0,04 ;0,02 ;0,24 ;
q;0,23 ;0,00 ;0,02 ;0,02 ;0,00 ;0,07 ;0,00 ;0,00 ;0,00 ;0,00 ;0,00 ;0,07 ;0,00 ;0,00 ;0,00 ;0,00 ;0,02 ;0,00 ;0,09 ;0,00 ;0,00 ;0,28 ;0,00 ;0,00 ;0,00 ;98,64 ;0,00 ;0,07 ;0,09 ;0,00 ;0,00 ;0,02 ;0,35 ;
r;19,79 ;0,46 ;0,88 ;1,94 ;1,51 ;21,35 ;0,01 ;0,04 ;0,32 ;1,42 ;0,02 ;21,09 ;0,03 ;0,01 ;0,06 ;1,96 ;2,29 ;1,49 ;12,70 ;0,45 ;0,56 ;0,03 ;2,72 ;2,01 ;2,69 ;1,94 ;0,00 ;0,85 ;0,02 ;0,01 ;0,08 ;0,39 ;0,89 ;
s;6,48 ;0,00 ;1,54 ;11,00 ;0,34 ;10,43 ;0,00 ;0,02 ;1,66 ;1,00 ;0,28 ;13,65 ;0,02 ;0,00 ;0,09 ;0,50 ;2,35 ;0,16 ;6,47 ;0,04 ;5,53 ;0,29 ;0,10 ;12,53 ;19,83 ;2,78 ;0,01 ;1,00 ;0,04 ;0,00 ;0,04 ;0,01 ;1,81 ;
t;17,69 ;0,31 ;0,01 ;0,05 ;0,02 ;22,72 ;0,01 ;0,04 ;0,01 ;0,01 ;0,30 ;20,98 ;0,03 ;0,00 ;0,00 ;0,07 ;0,07 ;0,04 ;12,81 ;0,16 ;0,01 ;0,00 ;10,94 ;0,13 ;9,07 ;3,73 ;0,00 ;0,01 ;0,02 ;0,00 ;0,05 ;0,06 ;0,66 ;
u;7,11 ;0,01 ;3,04 ;5,44 ;4,16 ;2,93 ;0,00 ;0,02 ;1,87 ;4,15 ;0,08 ;6,31 ;0,05 ;0,04 ;0,10 ;8,05 ;5,06 ;7,74 ;2,88 ;0,03 ;3,53 ;0,02 ;16,10 ;8,06 ;10,05 ;0,13 ;0,00 ;0,54 ;0,01 ;0,18 ;0,04 ;1,48 ;0,80 ;
ù;0,76 ;0,00 ;0,76 ;0,76 ;0,76 ;0,76 ;0,00 ;0,00 ;1,53 ;0,00 ;0,76 ;1,53 ;0,00 ;0,00 ;0,00 ;2,29 ;9,92 ;9,92 ;0,00 ;0,00 ;0,76 ;0,00 ;9,92 ;1,53 ;9,16 ;0,00 ;0,00 ;1,53 ;0,76 ;0,00 ;0,00 ;0,00 ;46,56 ;
v;38,44 ;0,00 ;0,00 ;0,01 ;0,01 ;19,55 ;0,00 ;0,03 ;0,00 ;0,00 ;0,24 ;22,84 ;0,02 ;0,00 ;0,00 ;0,02 ;0,00 ;0,06 ;13,37 ;0,07 ;0,00 ;0,00 ;1,08 ;0,03 ;0,01 ;0,83 ;0,00 ;2,93 ;0,00 ;0,04 ;0,03 ;0,00 ;0,34 ;
w;25,50 ;0,07 ;0,67 ;0,52 ;0,45 ;18,20 ;0,00 ;0,07 ;0,22 ;0,22 ;3,73 ;16,85 ;0,00 ;0,00 ;0,89 ;2,68 ;0,45 ;3,65 ;10,37 ;0,00 ;0,07 ;0,15 ;1,79 ;2,46 ;0,45 ;1,42 ;0,00 ;0,07 ;0,52 ;0,00 ;1,42 ;0,00 ;7,08 ;
x;9,00 ;0,26 ;0,00 ;1,94 ;0,09 ;13,33 ;0,09 ;0,09 ;0,18 ;0,00 ;3,27 ;17,48 ;0,00 ;0,00 ;0,00 ;0,71 ;0,44 ;0,18 ;5,38 ;0,09 ;2,12 ;0,18 ;0,18 ;0,26 ;8,30 ;0,79 ;0,00 ;3,53 ;0,53 ;6,09 ;0,62 ;0,00 ;24,89 ;
y;9,63 ;0,10 ;1,76 ;2,06 ;2,21 ;5,72 ;0,05 ;0,10 ;0,25 ;0,65 ;0,30 ;0,60 ;0,00 ;0,05 ;0,30 ;3,96 ;3,11 ;4,21 ;3,96 ;0,00 ;1,81 ;0,05 ;2,26 ;5,77 ;1,65 ;1,25 ;0,05 ;0,40 ;0,65 ;0,20 ;0,60 ;0,05 ;46,24 ;
z;26,65 ;0,01 ;0,03 ;0,00 ;0,04 ;8,36 ;0,00 ;0,00 ;0,00 ;0,01 ;0,02 ;25,29 ;0,01 ;0,01 ;0,04 ;0,04 ;0,01 ;0,04 ;4,95 ;0,31 ;0,01 ;0,01 ;0,01 ;0,02 ;0,02 ;1,10 ;0,00 ;0,00 ;0,00 ;0,00 ;0,01 ;32,50 ;0,47 ;
INI;8,50 ;0,00 ;2,59 ;7,48 ;4,58 ;2,84 ;0,00 ;0,02 ;3,23 ;2,90 ;0,37 ;8,99 ;0,02 ;0,17 ;0,21 ;2,60 ;5,37 ;1,69 ;2,45 ;0,00 ;8,79 ;0,36 ;9,84 ;17,47 ;5,75 ;0,81 ;0,00 ;2,41 ;0,16 ;0,05 ;0,04 ;0,31 ;0,00 ;
